582.707   581.733   1.584024   
583.566   582.192   1.571787   
583.582   582.457   1.559783   
583.859   581.997   1.548006   
582.726   581.682   1.536469   
581.869   582.093   1.525174   
584.052   581.495   1.514092   
582.782   582.227   1.503201   
583.233   580.849   1.49253   
582.618   582.683   1.482065   
583.516   581.530   1.47181   
582.592   581.602   1.461724   
583.576   582.219   1.451868   
583.293   581.490   1.44218   
583.652   581.938   1.432698   
584.195   581.422   1.423385   
583.582   581.360   1.414256   
583.418   581.655   1.405315   
583.512   581.805   1.396537   
584.077   582.132   1.387914   
583.713   582.384   1.37945   
583.458   581.775   1.371164   
583.302   581.166   1.363019   
583.475   582.184   1.35504   
583.334   582.640   1.347224   
583.723   581.496   1.339546   
582.535   581.517   1.332025   
584.664   582.030   1.32463   
583.203   582.017   1.317382   
583.511   581.823   1.310262   
582.057   582.138   1.303283   
582.584   581.427   1.296448   
583.575   581.911   1.289743   
583.176   582.800   1.283162   
582.448   581.659   1.276707   
583.273   581.566   1.270382   
583.428   582.514   1.264165   
582.427   581.208   1.258081   
583.309   580.908   1.252107   
582.749   581.219   1.246254   
584.568   583.050   1.240515   
583.906   581.087   1.234893   
583.841   582.117   1.229377   
583.767   581.733   1.223974   
585.136   582.338   1.218678   
583.630   581.963   1.213473   
583.498   581.652   1.208387   
583.426   581.569   1.2034   
585.096   582.434   1.198514   
584.275   581.534   1.193728   
584.558   580.489   1.189046   
583.907   580.783   1.184448   
584.360   581.975   1.179951   
583.789   581.723   1.175552   
584.501   581.622   1.171239   
583.702   581.876   1.167021   
583.900   581.450   1.162897   
583.923   581.822   1.158861   
584.122   581.318   1.154907   
584.014   580.782   1.151041   
584.059   581.482   1.147268   
584.864   582.724   1.143567   
584.872   581.476   1.139955   
584.857   580.864   1.136435   
582.868   581.088   1.13299   
584.865   581.226   1.129628   
584.305   581.754   1.126341   
585.490   580.192   1.123137   
584.336   581.245   1.120005   
584.521   581.155   1.116955   
585.486   580.858   1.113981   
585.137   581.337   1.111083   
584.116   580.904   1.108257   
584.883   581.390   1.10551   
585.465   581.158   1.102836   
584.984   581.251   1.100233   
584.841   580.974   1.097702   
584.742   581.453   1.095242   
585.497   581.474   1.092849   
585.927   580.518   1.090534   
585.111   580.522   1.088283   
585.050   580.857   1.086105   
585.691   581.327   1.083992   
584.836   581.315   1.081951   
585.495   579.784   1.079971   
584.278   580.466   1.078062   
585.379   580.994   1.076216   
584.817   579.979   1.074441   
585.525   580.734   1.072727   
585.165   580.477   1.067387   
586.365   580.564   1.065958   
584.977   579.899   1.064592   
585.829   580.319   1.06329   
585.057   580.455   1.062049   
585.823   579.776   1.060873   
585.306   580.388   1.059758   
585.768   580.100   1.058705   
585.335   580.238   1.057713   
586.391   580.163   1.056783   
586.221   579.832   1.055913   
586.082   580.344   1.055104   
586.091   579.605   1.054356   
586.461   580.046   1.053668   
586.810   580.489   1.053042   
586.626   578.895   1.052475   
586.238   580.109   1.051969   
585.709   579.034   1.051522   
586.669   579.964   1.051135   
586.525   579.984   1.050808   
586.478   579.841   1.05054   
585.208   579.857   1.050332   
586.999   580.642   1.050184   
585.499   579.155   1.050095   
587.236   579.907   1.050066   
586.091   580.127   1.050096   
586.369   580.422   1.050186   
586.476   579.482   1.050336   
585.623   579.695   1.050545   
586.848   579.405   1.050813   
587.068   579.740   1.051141   
586.652   579.434   1.051529   
586.760   578.187   1.051977   
586.500   578.997   1.052484   
585.974   579.498   1.053053   
586.933   578.665   1.053681   
587.416   579.356   1.05437   
587.040   580.070   1.055119   
586.484   579.542   1.055928   
587.137   579.570   1.056798   
586.926   578.942   1.05773   
587.604   579.424   1.058723   
586.580   579.018   1.059777   
587.087   579.386   1.060894   
